2	3	2018-03-16 00:00:00.0	1	0	0	439	V	T	17:03	17:03	27.98	1.96	0	0.0	99999999			0	0	0	0	0		17:03:10	17:03:10	
2	3	2018-03-16 00:00:00.0	1	0	0	440	V	T	17:18	17:18	120.0	8.4	0	0.0	99999999			0	0	0	0	0		17:18:45	17:18:45	
2	3	2018-03-16 00:00:00.0	1	0	0	439	V	I	000000099990003	1.0	0.0	1.99	0.0	0.0	27.98	0.0	0		0	
2	3	2018-03-16 00:00:00.0	1	0	0	439	V	I	000000099990006	1.0	0.0	5.99	0.0	0.0	27.98	0.0	0		0	
2	3	2018-03-16 00:00:00.0	1	0	0	439	V	I	000000099990030	1.0	0.0	20.0	0.0	0.0	27.98	0.0	0		0	
2	3	2018-03-16 00:00:00.0	1	0	0	440	V	I	000000099990058	1.0	0.0	20.0	0.0	0.0	120.0	0.0	0		0	
2	3	2018-03-16 00:00:00.0	1	0	0	440	V	I	000000099990002	1.0	0.0	100.0	0.0	0.0	120.0	0.0	0		0	
2	3	2018-03-16 00:00:00.0	1	0	0	440	V	P	0	30.0	0				0	1.96	27.98			0.0	
2	3	2018-03-16 00:00:00.0	1	0	0	440	V	P	0	100.0	0				0	6.54	93.46			0.0	
2	3	2018-03-16 00:00:00.0	1	0	0	440	V	P	0	30.0	0				0	1.86	26.54			0.0	
