2	3	2018-06-30 00:00:00.0	9999	0	1FHS110005291	1880	V	T	14:54	14:54	140.0	9.8	0	0.0	99999999			0	0	0	0	0	0	14:54:25	14:54:25	0	
2	3	2018-06-30 00:00:00.0	9999	0	1FHS110005291	1881	V	T	14:54	14:54	172.0	12.04	0	0.0	99999999			0	0	0	0	0	0	14:54:46	14:54:46	0	
2	3	2018-06-30 00:00:00.0	9999	0	1FHS110005291	1882	V	T	14:55	14:55	81.0	5.67	0	0.0	99999999			0	0	0	0	0	0	14:55:17	14:55:17	0	
2	3	2018-06-30 00:00:00.0	9999	0	1FHS110005291	1880	V	I	003365440676152	1.0	70.0	70.0	0.0	0.0	140.0	42.0	0		1	0	
2	3	2018-06-30 00:00:00.0	9999	0	1FHS110005291	1880	V	I	003365440676152	1.0	70.0	70.0	0.0	0.0	140.0	42.0	0		1	0	
2	3	2018-06-30 00:00:00.0	9999	0	1FHS110005291	1881	V	I	003365440708914	1.0	43.0	43.0	0.0	0.0	172.0	22.8	0		1	0	
2	3	2018-06-30 00:00:00.0	9999	0	1FHS110005291	1881	V	I	003365440708914	1.0	43.0	43.0	0.0	0.0	172.0	22.8	0		1	0	
2	3	2018-06-30 00:00:00.0	9999	0	1FHS110005291	1881	V	I	003365440708914	1.0	43.0	43.0	0.0	0.0	172.0	22.8	0		1	0	
2	3	2018-06-30 00:00:00.0	9999	0	1FHS110005291	1881	V	I	003365440708914	1.0	43.0	43.0	0.0	0.0	172.0	22.8	0		1	0	
2	3	2018-06-30 00:00:00.0	9999	0	1FHS110005291	1882	V	I	003365440702301	1.0	61.0	61.0	0.0	0.0	81.0	40.3	0		1	0	
2	3	2018-06-30 00:00:00.0	9999	0	1FHS110005291	1882	V	I	000000099990005	1.0	20.0	20.0	0.0	0.0	81.0	0.0	0		1	0	
2	3	2018-06-30 00:00:00.0	9999	0	1FHS110005291	1880	V	P	0	150.0	0				0	9.8	140.0	0		0.0	
2	3	2018-06-30 00:00:00.0	9999	0	1FHS110005291	1881	V	P	0	200.0	0				0	12.04	172.0	0		0.0	
2	3	2018-06-30 00:00:00.0	9999	0	1FHS110005291	1882	V	P	0	90.0	0				0	5.67	81.0	0		0.0	
